208
79416
78900
78415
78414
78408
77503
77502
77500
77499
77498
74749
74748
74668
74312
73440
73219
73218
73216
72888
71689
71591
69456
69455
69407
69337
69336
69227
69220
69219
69170
69169
67692
67157
67156
66752
66063
66009
66008
65882
65866
65844
65739
65738
65231
65226
64815
63318
63091
59530
59000
58304
58288
57668
57667
57446
57445
57283
57197
55901
55298
54024
52731
50313
50243
49851
47888
47848
47482
47481
45688
45507
43427
43348
43306
42700
42600
42599
42146
41671
40859
40055
40052
39810
39400
39378
38703
38344
38343
38319
38114
37202
36695
36210
35164
35163
34747
34395
34393
34385
34384
34382
34373
34372
34366
34362
34245
34242
34240
34239
34176
34164
34068
32961
31729
31324
30457
30417
30390
29805
29598
29370
28872
28450
28414
27781
27767
27766
27750
27741
26290
25986
23295
22718
22495
21526
21338
20739
20659
20142
19976
19739
19708
19540
19351
18908
18874
18623
18487
18486
17992
17168
16010
15955
15752
15653
15067
14528
14512
14297
14135
14041
13379
13110
12192
11874
11424
11389
11310
11150
10855
10212
10174
9952
9786
9525
9389
9069
9041
8959
8950
8941
8697
8345
7764
7233
6987
6040
5943
5786
4843
4834
4760
4506
4234
4080
4014
3470
3347
2991
2569
2377
1782
1250
1074
870
817
723
636
