939
80167
80158
80155
80154
80145
80142
79682
79676
79665
79664
79663
79643
79641
79637
79492
79487
79486
79484
79165
78950
78859
78856
78760
78731
78685
78684
78683
78682
78240
78230
78216
78039
78038
77875
77721
77720
77571
77561
77545
77544
77249
77146
77141
77099
77097
77096
77075
77074
76781
76427
76426
76423
76319
76102
75411
75333
75295
75294
75076
75070
75037
75030
75013
74911
74910
74486
74381
74380
74379
74362
74337
74223
74196
74192
74189
74179
74116
74110
74021
73958
73955
73954
73953
73952
73949
73948
73946
73867
73866
73865
73860
73455
73454
73444
73373
73372
73110
73075
73074
72998
72792
72573
72565
72364
72315
72244
72193
72178
72120
72101
71937
71868
71866
71853
71671
71620
71550
71315
71313
71269
71041
71040
70925
70924
70920
70831
70830
70578
70549
70545
70452
70053
70052
70037
70036
69974
69967
69885
69665
69649
69648
69562
69561
69558
69461
69460
69459
69431
69430
69321
69297
69296
69264
69247
69128
69127
69108
69078
69069
68963
68859
68858
68631
68512
68455
68397
68396
68275
68176
68167
68166
67754
67499
67483
67482
67439
67433
67408
67400
67322
67318
67230
67143
67142
67129
67089
66974
66885
66805
66653
66652
66605
66388
66319
66225
66109
66075
65925
65816
65595
65594
65557
65556
65122
65105
65044
65042
64990
64974
64729
64596
64470
64263
64247
64246
64162
63713
63594
63433
63365
63364
63355
63354
63275
63274
63015
62942
62937
62924
62579
62452
62443
62441
62372
62347
62345
62255
62128
62127
62126
62125
62122
61829
61570
61546
61431
61403
61262
61241
61240
60916
60885
60884
60677
60603
60602
60527
60445
60185
60184
60138
60095
60032
60011
59997
59741
59571
59558
59514
59513
59141
59098
59090
58441
58274
58273
58204
58203
58197
58172
58074
58073
58056
57939
57818
57753
57751
57628
57627
57621
57618
57465
57399
57328
57275
57253
57169
57168
57045
56964
56963
56940
56746
56629
56530
56528
56498
56332
56318
56227
56223
56222
56200
56194
56004
55724
55676
55675
55634
55368
55200
55108
55034
54978
54923
54667
54513
54207
54173
54127
54126
54041
53917
53830
53821
53795
53793
53792
53776
53760
53727
53715
53714
53690
53668
53667
53662
53566
53521
53039
53027
53026
52820
52635
52443
52371
52356
52258
51992
51991
51910
51852
51851
51848
51845
51832
51732
51619
51540
51539
51510
51444
51383
51294
51292
51262
51261
51210
51209
51126
51084
51043
51026
51016
50972
50941
50823
50791
50760
50583
50526
50516
50514
50469
50220
49922
49784
49750
49652
49560
49539
49427
49426
49412
49232
49229
49228
49227
49166
49124
48866
48541
48362
48076
47977
47682
47651
47627
47617
47513
47512
47508
47495
47491
47487
47388
47384
47240
46862
46858
46850
46849
46715
46436
46202
46072
46071
46036
45969
45830
45663
45497
45317
45263
45070
45063
44882
44846
44784
44696
44482
44255
44154
44116
43996
43989
43940
43843
43772
43712
43707
43706
43702
43701
43657
43118
42961
42723
42702
42633
42548
42547
42402
42398
42340
42327
42221
42114
42100
42072
42040
41972
41742
41721
41428
41271
41013
41002
40621
40535
40534
40443
40372
40297
40160
39996
39960
39906
39712
39697
39677
39665
39662
39615
39592
39553
39552
39513
39469
39243
39184
38981
38880
38803
38802
38580
38522
38408
38373
38187
38096
38039
38028
38009
37989
37988
37987
37986
37344
37290
37269
37268
37131
36942
36914
36892
36877
36864
36843
36705
36672
36656
36563
36546
36330
36194
36140
36084
36067
36045
35668
35656
35601
35571
35560
35548
35484
35483
35267
34897
34883
34851
34726
34489
34422
34408
34403
34402
34352
34344
34312
34224
34129
34121
34101
34008
33976
33939
33938
33901
33826
33695
33660
33622
33522
33460
33437
33435
33140
33125
33123
33122
33100
33030
32986
32884
32833
32777
32776
32630
32312
32214
31963
31924
31902
31896
31878
31814
31696
31620
31603
31058
30914
30912
30891
30770
30638
30339
30076
30040
29877
29772
29553
29506
29434
29383
29360
29325
29199
28995
28912
28805
28787
28743
28460
28251
28189
28081
27954
27911
27849
27819
27769
27768
27702
27606
27470
27455
27425
27416
27273
27146
27117
27027
26960
26924
26899
26894
26890
26828
26822
26821
26768
26694
26614
26547
26388
26318
26271
26238
26159
25974
25963
25938
25937
25922
25640
25527
25448
25429
25403
25374
25335
25098
25008
24925
24870
24810
24627
24592
24253
24073
23921
23910
23819
23528
23504
23491
23481
23304
23223
23207
23092
22966
22839
22815
22773
22741
22393
22308
22233
21904
21840
21839
21740
21675
21425
21362
21129
21018
20961
20848
20781
20643
20598
20586
20567
20436
20324
20283
20278
20109
20104
20085
20064
19885
19884
19774
19667
19567
19565
19419
19409
19376
19355
19336
19244
19200
19068
19017
18959
18958
18862
18806
18805
18211
18164
18160
18105
18104
18050
17909
17825
17750
17710
17702
17536
17461
17415
17376
17366
17287
17273
17226
17095
17072
17049
16994
16986
16927
16824
16804
16674
16665
16483
15998
15960
15927
15774
15734
15633
15181
15099
15061
15058
14785
14707
14598
14551
14532
14436
14149
14086
14013
14000
13874
13835
13691
13682
13572
13521
13481
13459
13448
13435
13423
13319
13205
13031
12776
12769
12632
12561
12556
12539
12166
12140
11979
11835
11772
11669
11349
11281
11267
11258
11085
10993
10933
10689
10648
10631
10572
10523
10376
10123
10078
10036
9959
9904
9897
9884
9747
9650
9623
9328
9243
9122
8952
8930
8767
8592
8551
8412
8363
8284
8094
8030
7915
7722
7690
7336
7278
7170
7121
7078
6854
6828
6725
6680
6670
6577
6432
6426
6316
6302
6208
6115
6066
6023
5938
5265
5215
5162
5091
4949
4928
4891
4743
4709
4623
4606
4556
4465
4199
4173
4071
3808
3705
3671
3498
3342
3268
3066
2956
2823
2734
2631
2348
2336
1972
1850
1743
1714
1665
1608
1592
1536
1445
1418
1403
1204
1007
976
909
771
512
483
435
306
